Project Name,Package Name,Type Name,NOF,NOPF,NOM,NOPM,LOC,WMC,NC,DIT,LCOM,FANIN,FANOUT,File path,Line no
MyStock-master,com.chandler.red.mystock,ApplicationTest,0,0,1,1,8,1,0,0,-1.0,0,0,/Users/shreyas/Downloads/MVP_Apr/MyStock-master/app/src/androidTest/java/com/chandler/red/mystock/ApplicationTest.java,6
MyStock-master,com.chandler.red.mystock,SerachActivity,16,0,15,10,214,37,0,1,0.3333333333333333,0,10,/Users/shreyas/Downloads/MVP_Apr/MyStock-master/app/src/main/java/com/chandler/red/mystock/SerachActivity.java,36
MyStock-master,com.chandler.red.mystock,StockImgApi,14,14,0,0,16,0,0,0,-1.0,5,0,/Users/shreyas/Downloads/MVP_Apr/MyStock-master/app/src/main/java/com/chandler/red/mystock/StockImgApi.java,3
MyStock-master,com.chandler.red.mystock,MainActivity,27,0,48,27,656,136,0,0,0.16666666666666666,1,8,/Users/shreyas/Downloads/MVP_Apr/MyStock-master/app/src/main/java/com/chandler/red/mystock/MainActivity.java,43
MyStock-master,com.chandler.red.mystock,SlidingFinishLayout,11,0,13,7,162,26,0,0,0.23076923076923078,0,1,/Users/shreyas/Downloads/MVP_Apr/MyStock-master/app/src/main/java/com/chandler/red/mystock/SlidingFinishLayout.java,15
MyStock-master,com.chandler.red.mystock,OnSlidingFinishListener,0,0,1,0,3,1,0,0,-1.0,1,0,/Users/shreyas/Downloads/MVP_Apr/MyStock-master/app/src/main/java/com/chandler/red/mystock/SlidingFinishLayout.java,222
MyStock-master,com.chandler.red.mystock,StockImgActivity,29,0,18,9,281,44,0,1,0.3888888888888889,1,6,/Users/shreyas/Downloads/MVP_Apr/MyStock-master/app/src/main/java/com/chandler/red/mystock/StockImgActivity.java,35
MyStock-master,com.chandler.red.mystock,BaseActivity,2,0,7,5,52,8,2,0,0.5714285714285714,0,0,/Users/shreyas/Downloads/MVP_Apr/MyStock-master/app/src/main/java/com/chandler/red/mystock/BaseActivity.java,10
MyStock-master,com.chandler.red.mystock,App,2,2,2,2,13,2,0,0,0.0,5,2,/Users/shreyas/Downloads/MVP_Apr/MyStock-master/app/src/main/java/com/chandler/red/mystock/App.java,9
MyStock-master,com.chandler.red.mystock,RegText,0,0,1,1,9,2,0,0,-1.0,0,0,/Users/shreyas/Downloads/MVP_Apr/MyStock-master/app/src/main/java/com/chandler/red/mystock/RegText.java,3
MyStock-master,com.chandler.red.mystock.widget,CustomProgressDialog,2,0,6,5,43,11,0,0,0.5,2,2,/Users/shreyas/Downloads/MVP_Apr/MyStock-master/app/src/main/java/com/chandler/red/mystock/widget/CustomProgressDialog.java,18
MyStock-master,com.chandler.red.mystock.widget,CircleImageView,5,0,6,3,52,8,0,0,0.5,2,0,/Users/shreyas/Downloads/MVP_Apr/MyStock-master/app/src/main/java/com/chandler/red/mystock/widget/CircleImageView.java,16
MyStock-master,com.chandler.red.mystock.widget,StickyNestedScrollLayout,6,0,20,14,122,29,0,0,0.5,0,0,/Users/shreyas/Downloads/MVP_Apr/MyStock-master/app/src/main/java/com/chandler/red/mystock/widget/StickyNestedScrollLayout.java,14
MyStock-master,com.chandler.red.mystock.widget,StickyNavLayout,15,0,20,13,175,37,0,0,0.15,0,0,/Users/shreyas/Downloads/MVP_Apr/MyStock-master/app/src/main/java/com/chandler/red/mystock/widget/StickyNavLayout.java,22
MyStock-master,com.chandler.red.mystock.widget,ScrollListView,0,0,4,3,19,4,0,0,-1.0,0,0,/Users/shreyas/Downloads/MVP_Apr/MyStock-master/app/src/main/java/com/chandler/red/mystock/widget/ScrollListView.java,7
MyStock-master,com.chandler.red.mystock.util,NumberUtil,0,0,2,2,25,4,0,0,-1.0,6,0,/Users/shreyas/Downloads/MVP_Apr/MyStock-master/app/src/main/java/com/chandler/red/mystock/util/NumberUtil.java,9
MyStock-master,com.chandler.red.mystock.util,CrawlerPicsUtil,2,0,4,3,34,4,0,0,1.0,0,1,/Users/shreyas/Downloads/MVP_Apr/MyStock-master/app/src/main/java/com/chandler/red/mystock/util/CrawlerPicsUtil.java,13
MyStock-master,com.chandler.red.mystock.util,HanyuUtil,0,0,6,3,88,10,0,0,-1.0,2,1,/Users/shreyas/Downloads/MVP_Apr/MyStock-master/app/src/main/java/com/chandler/red/mystock/util/HanyuUtil.java,10
MyStock-master,com.chandler.red.mystock.util,FileUtil,0,0,4,4,89,11,0,0,-1.0,3,0,/Users/shreyas/Downloads/MVP_Apr/MyStock-master/app/src/main/java/com/chandler/red/mystock/util/FileUtil.java,14
MyStock-master,com.chandler.red.mystock.util,GsonUtil,0,0,2,2,17,2,0,0,-1.0,1,0,/Users/shreyas/Downloads/MVP_Apr/MyStock-master/app/src/main/java/com/chandler/red/mystock/util/GsonUtil.java,10
MyStock-master,com.chandler.red.mystock.util,DateUtil,3,3,33,33,435,54,0,0,0.696969696969697,7,2,/Users/shreyas/Downloads/MVP_Apr/MyStock-master/app/src/main/java/com/chandler/red/mystock/util/DateUtil.java,13
MyStock-master,com.chandler.red.mystock.util,LogUtil,2,2,11,11,55,16,0,0,0.0,8,1,/Users/shreyas/Downloads/MVP_Apr/MyStock-master/app/src/main/java/com/chandler/red/mystock/util/LogUtil.java,8
MyStock-master,com.chandler.red.mystock.util,DialogUtils,0,0,0,0,2,0,0,0,-1.0,0,0,/Users/shreyas/Downloads/MVP_Apr/MyStock-master/app/src/main/java/com/chandler/red/mystock/util/DialogUtils.java,3
MyStock-master,com.chandler.red.mystock.util,TextUtils,0,0,1,1,5,1,0,0,-1.0,12,0,/Users/shreyas/Downloads/MVP_Apr/MyStock-master/app/src/main/java/com/chandler/red/mystock/util/TextUtils.java,3
MyStock-master,com.chandler.red.mystock.util,EncryptUtil,0,0,4,4,61,10,0,0,-1.0,9,2,/Users/shreyas/Downloads/MVP_Apr/MyStock-master/app/src/main/java/com/chandler/red/mystock/util/EncryptUtil.java,6
MyStock-master,com.chandler.red.mystock.util,ScreenUtil,0,0,2,2,23,2,0,0,-1.0,2,0,/Users/shreyas/Downloads/MVP_Apr/MyStock-master/app/src/main/java/com/chandler/red/mystock/util/ScreenUtil.java,6
MyStock-master,com.chandler.red.mystock.util,Constants,18,18,0,0,20,0,0,0,-1.0,6,0,/Users/shreyas/Downloads/MVP_Apr/MyStock-master/app/src/main/java/com/chandler/red/mystock/util/Constants.java,3
MyStock-master,com.chandler.red.mystock.activity,MyInfoActivity,13,0,8,2,95,19,0,0,0.375,1,8,/Users/shreyas/Downloads/MVP_Apr/MyStock-master/app/src/main/java/com/chandler/red/mystock/activity/MyInfoActivity.java,30
MyStock-master,com.chandler.red.mystock.activity,SearchImagesActivity,17,0,27,16,271,46,0,0,0.18518518518518517,0,17,/Users/shreyas/Downloads/MVP_Apr/MyStock-master/app/src/main/java/com/chandler/red/mystock/activity/SearchImagesActivity.java,61
MyStock-master,com.chandler.red.mystock.activity,BuySearchActivity,15,0,14,9,193,32,0,0,0.42857142857142855,0,9,/Users/shreyas/Downloads/MVP_Apr/MyStock-master/app/src/main/java/com/chandler/red/mystock/activity/BuySearchActivity.java,36
MyStock-master,com.chandler.red.mystock.activity,ImageShowActivity,22,1,35,27,350,60,0,0,0.37142857142857144,5,7,/Users/shreyas/Downloads/MVP_Apr/MyStock-master/app/src/main/java/com/chandler/red/mystock/activity/ImageShowActivity.java,38
MyStock-master,com.chandler.red.mystock.activity,ImageBean,5,1,6,4,32,6,0,0,0.8333333333333334,2,1,/Users/shreyas/Downloads/MVP_Apr/MyStock-master/app/src/main/java/com/chandler/red/mystock/activity/ImageShowActivity.java,380
MyStock-master,com.chandler.red.mystock.activity,FixMultiViewPager,1,0,3,3,32,6,0,0,1.0,1,0,/Users/shreyas/Downloads/MVP_Apr/MyStock-master/app/src/main/java/com/chandler/red/mystock/activity/ImageShowActivity.java,423
MyStock-master,com.chandler.red.mystock.activity,ForgetPwdActivity,4,0,3,1,56,10,0,0,0.6666666666666666,1,7,/Users/shreyas/Downloads/MVP_Apr/MyStock-master/app/src/main/java/com/chandler/red/mystock/activity/ForgetPwdActivity.java,22
MyStock-master,com.chandler.red.mystock.activity,RegisterActivity,5,0,3,1,60,8,0,0,0.0,1,8,/Users/shreyas/Downloads/MVP_Apr/MyStock-master/app/src/main/java/com/chandler/red/mystock/activity/RegisterActivity.java,26
MyStock-master,com.chandler.red.mystock.activity,Main2Activity,10,0,6,4,64,13,0,0,0.3333333333333333,0,2,/Users/shreyas/Downloads/MVP_Apr/MyStock-master/app/src/main/java/com/chandler/red/mystock/activity/Main2Activity.java,23
MyStock-master,com.chandler.red.mystock.activity,FullScreenActivity,1,0,7,2,60,14,0,0,0.0,1,1,/Users/shreyas/Downloads/MVP_Apr/MyStock-master/app/src/main/java/com/chandler/red/mystock/activity/FullScreenActivity.java,15
MyStock-master,com.chandler.red.mystock.activity,LoginActivity,5,0,4,1,79,15,0,0,0.0,1,7,/Users/shreyas/Downloads/MVP_Apr/MyStock-master/app/src/main/java/com/chandler/red/mystock/activity/LoginActivity.java,27
MyStock-master,com.chandler.red.mystock.activity,ExchangeActivity,5,0,3,0,37,4,0,0,0.0,0,1,/Users/shreyas/Downloads/MVP_Apr/MyStock-master/app/src/main/java/com/chandler/red/mystock/activity/ExchangeActivity.java,22
MyStock-master,com.chandler.red.mystock.activity,PhotoSelectActivity,5,0,13,6,101,18,0,0,0.3076923076923077,0,7,/Users/shreyas/Downloads/MVP_Apr/MyStock-master/app/src/main/java/com/chandler/red/mystock/activity/PhotoSelectActivity.java,35
MyStock-master,com.chandler.red.mystock.entity,HistoryBean,10,0,23,23,90,24,0,0,0.2608695652173913,2,0,/Users/shreyas/Downloads/MVP_Apr/MyStock-master/app/src/main/java/com/chandler/red/mystock/entity/HistoryBean.java,3
MyStock-master,com.chandler.red.mystock.entity,SearchHistoryBean,2,0,4,4,16,4,0,0,0.5,6,0,/Users/shreyas/Downloads/MVP_Apr/MyStock-master/app/src/main/java/com/chandler/red/mystock/entity/SearchHistoryBean.java,3
MyStock-master,com.chandler.red.mystock.entity,ExeStock,8,0,16,16,58,16,0,0,0.5,6,0,/Users/shreyas/Downloads/MVP_Apr/MyStock-master/app/src/main/java/com/chandler/red/mystock/entity/ExeStock.java,3
MyStock-master,com.chandler.red.mystock.entity,HoldStock,6,0,14,14,55,15,0,0,0.0,1,1,/Users/shreyas/Downloads/MVP_Apr/MyStock-master/app/src/main/java/com/chandler/red/mystock/entity/HoldStock.java,5
MyStock-master,com.chandler.red.mystock.entity,StockBean,6,0,15,15,55,15,0,0,0.13333333333333333,7,1,/Users/shreyas/Downloads/MVP_Apr/MyStock-master/app/src/main/java/com/chandler/red/mystock/entity/StockBean.java,5
MyStock-master,com.chandler.red.mystock.entity,StockBuy,4,0,9,9,36,9,0,0,0.0,1,0,/Users/shreyas/Downloads/MVP_Apr/MyStock-master/app/src/main/java/com/chandler/red/mystock/entity/StockBuy.java,3
MyStock-master,com.chandler.red.mystock.entity,PhotoBean,2,0,4,4,16,4,0,0,0.5,5,0,/Users/shreyas/Downloads/MVP_Apr/MyStock-master/app/src/main/java/com/chandler/red/mystock/entity/PhotoBean.java,3
MyStock-master,com.chandler.red.mystock.entity,MonthStock,4,0,9,9,33,9,0,0,0.0,4,0,/Users/shreyas/Downloads/MVP_Apr/MyStock-master/app/src/main/java/com/chandler/red/mystock/entity/MonthStock.java,3
MyStock-master,com.chandler.red.mystock.entity,Stock,7,6,15,15,52,15,0,0,0.0,5,0,/Users/shreyas/Downloads/MVP_Apr/MyStock-master/app/src/main/java/com/chandler/red/mystock/entity/Stock.java,3
MyStock-master,com.chandler.red.mystock.entity,AccStock,9,0,19,19,68,19,0,0,0.0,11,0,/Users/shreyas/Downloads/MVP_Apr/MyStock-master/app/src/main/java/com/chandler/red/mystock/entity/AccStock.java,3
MyStock-master,com.chandler.red.mystock.entity,HoldsBean,9,0,21,21,80,21,0,0,0.09523809523809523,2,0,/Users/shreyas/Downloads/MVP_Apr/MyStock-master/app/src/main/java/com/chandler/red/mystock/entity/HoldsBean.java,3
MyStock-master,com.chandler.red.mystock.entity.baidupic,CrawerResult,10,0,0,0,15,0,0,0,-1.0,0,0,/Users/shreyas/Downloads/MVP_Apr/MyStock-master/app/src/main/java/com/chandler/red/mystock/entity/baidupic/CrawerResult.java,3
MyStock-master,com.chandler.red.mystock.entity.baidupic,CrawerParams,34,0,68,68,243,68,0,0,0.5,1,0,/Users/shreyas/Downloads/MVP_Apr/MyStock-master/app/src/main/java/com/chandler/red/mystock/entity/baidupic/CrawerParams.java,3
MyStock-master,com.chandler.red.mystock.entity.baidupic,SearchImageHistory,2,0,4,4,16,4,0,0,0.5,5,0,/Users/shreyas/Downloads/MVP_Apr/MyStock-master/app/src/main/java/com/chandler/red/mystock/entity/baidupic/SearchImageHistory.java,3
MyStock-master,com.chandler.red.mystock.entity.baidupic,SimpleCrawerResult,1,0,2,2,12,2,0,0,0.0,2,0,/Users/shreyas/Downloads/MVP_Apr/MyStock-master/app/src/main/java/com/chandler/red/mystock/entity/baidupic/SimpleCrawerResult.java,5
MyStock-master,com.chandler.red.mystock.entity.baidupic,CrawerSimpleParams,4,0,8,8,30,8,0,0,0.5,2,0,/Users/shreyas/Downloads/MVP_Apr/MyStock-master/app/src/main/java/com/chandler/red/mystock/entity/baidupic/CrawerSimpleParams.java,3
MyStock-master,com.chandler.red.mystock.entity.baidupic,DataBean,49,0,98,98,353,98,0,0,0.5,0,0,/Users/shreyas/Downloads/MVP_Apr/MyStock-master/app/src/main/java/com/chandler/red/mystock/entity/baidupic/DataBean.java,5
MyStock-master,com.chandler.red.mystock.entity.baidupic,ReplaceUrlBean,4,0,8,8,33,8,0,0,0.5,0,0,/Users/shreyas/Downloads/MVP_Apr/MyStock-master/app/src/main/java/com/chandler/red/mystock/entity/baidupic/DataBean.java,460
MyStock-master,com.chandler.red.mystock.entity.baidupic,SimpleDataBean,12,0,24,24,86,24,0,0,0.5,0,0,/Users/shreyas/Downloads/MVP_Apr/MyStock-master/app/src/main/java/com/chandler/red/mystock/entity/baidupic/SimpleDataBean.java,4
MyStock-master,com.chandler.red.mystock.presenter,Presenter,0,0,6,0,11,6,2,0,-1.0,0,1,/Users/shreyas/Downloads/MVP_Apr/MyStock-master/app/src/main/java/com/chandler/red/mystock/presenter/Presenter.java,9
MyStock-master,com.chandler.red.mystock.presenter,CrawlerPresenter,5,0,11,10,72,12,0,1,0.5454545454545454,1,5,/Users/shreyas/Downloads/MVP_Apr/MyStock-master/app/src/main/java/com/chandler/red/mystock/presenter/CrawlerPresenter.java,22
MyStock-master,com.chandler.red.mystock.presenter,StockPresenter,4,0,25,23,272,56,0,1,0.36,6,8,/Users/shreyas/Downloads/MVP_Apr/MyStock-master/app/src/main/java/com/chandler/red/mystock/presenter/StockPresenter.java,23
MyStock-master,com.chandler.red.mystock.adapter,MainStockListAdapter,8,0,14,12,97,19,0,0,0.35714285714285715,3,4,/Users/shreyas/Downloads/MVP_Apr/MyStock-master/app/src/main/java/com/chandler/red/mystock/adapter/MainStockListAdapter.java,18
MyStock-master,com.chandler.red.mystock.adapter,MyViewHolder,5,0,1,1,15,1,0,0,0.0,3,0,/Users/shreyas/Downloads/MVP_Apr/MyStock-master/app/src/main/java/com/chandler/red/mystock/adapter/MainStockListAdapter.java,109
MyStock-master,com.chandler.red.mystock.adapter,OnItemClickLitener,0,0,2,0,4,2,0,0,-1.0,2,0,/Users/shreyas/Downloads/MVP_Apr/MyStock-master/app/src/main/java/com/chandler/red/mystock/adapter/MainStockListAdapter.java,126
MyStock-master,com.chandler.red.mystock.adapter,BuyStockListAdapter,3,0,6,6,49,9,0,0,0.5,2,1,/Users/shreyas/Downloads/MVP_Apr/MyStock-master/app/src/main/java/com/chandler/red/mystock/adapter/BuyStockListAdapter.java,15
MyStock-master,com.chandler.red.mystock.adapter,ImageHistoryAdapter,5,0,7,7,65,12,0,0,0.42857142857142855,1,3,/Users/shreyas/Downloads/MVP_Apr/MyStock-master/app/src/main/java/com/chandler/red/mystock/adapter/ImageHistoryAdapter.java,17
MyStock-master,com.chandler.red.mystock.adapter,ViewHolder,2,0,0,0,4,0,0,0,-1.0,4,0,/Users/shreyas/Downloads/MVP_Apr/MyStock-master/app/src/main/java/com/chandler/red/mystock/adapter/ImageHistoryAdapter.java,84
MyStock-master,com.chandler.red.mystock.adapter,HoldsAdapter,11,0,6,6,80,9,0,0,0.5,3,2,/Users/shreyas/Downloads/MVP_Apr/MyStock-master/app/src/main/java/com/chandler/red/mystock/adapter/HoldsAdapter.java,16
MyStock-master,com.chandler.red.mystock.adapter,ViewHolder,8,0,0,0,10,0,0,0,-1.0,0,0,/Users/shreyas/Downloads/MVP_Apr/MyStock-master/app/src/main/java/com/chandler/red/mystock/adapter/HoldsAdapter.java,92
MyStock-master,com.chandler.red.mystock.adapter,PhotoAdapter,12,0,11,11,93,17,0,0,0.18181818181818182,4,4,/Users/shreyas/Downloads/MVP_Apr/MyStock-master/app/src/main/java/com/chandler/red/mystock/adapter/PhotoAdapter.java,22
MyStock-master,com.chandler.red.mystock.adapter,MyViewHolder,2,0,1,1,9,1,0,0,0.0,0,0,/Users/shreyas/Downloads/MVP_Apr/MyStock-master/app/src/main/java/com/chandler/red/mystock/adapter/PhotoAdapter.java,122
MyStock-master,com.chandler.red.mystock.adapter,HistoryAdapter,13,0,6,6,88,9,0,0,0.5,1,2,/Users/shreyas/Downloads/MVP_Apr/MyStock-master/app/src/main/java/com/chandler/red/mystock/adapter/HistoryAdapter.java,16
MyStock-master,com.chandler.red.mystock.adapter,ViewHolder,10,0,0,0,12,0,0,0,-1.0,0,0,/Users/shreyas/Downloads/MVP_Apr/MyStock-master/app/src/main/java/com/chandler/red/mystock/adapter/HistoryAdapter.java,98
MyStock-master,com.chandler.red.mystock.adapter,HistorySearchAdapter,5,0,7,7,65,12,0,0,0.42857142857142855,2,3,/Users/shreyas/Downloads/MVP_Apr/MyStock-master/app/src/main/java/com/chandler/red/mystock/adapter/HistorySearchAdapter.java,17
MyStock-master,com.chandler.red.mystock.adapter,ViewHolder,2,0,0,0,4,0,0,0,-1.0,0,0,/Users/shreyas/Downloads/MVP_Apr/MyStock-master/app/src/main/java/com/chandler/red/mystock/adapter/HistorySearchAdapter.java,84
MyStock-master,com.chandler.red.mystock.adapter,TabPagerAdapter,2,0,4,4,23,4,0,0,0.0,1,0,/Users/shreyas/Downloads/MVP_Apr/MyStock-master/app/src/main/java/com/chandler/red/mystock/adapter/TabPagerAdapter.java,9
MyStock-master,com.chandler.red.mystock.adapter,SearchListAdapter,9,0,11,9,70,12,0,0,0.45454545454545453,3,5,/Users/shreyas/Downloads/MVP_Apr/MyStock-master/app/src/main/java/com/chandler/red/mystock/adapter/SearchListAdapter.java,17
MyStock-master,com.chandler.red.mystock.adapter,MyViewHolder,5,0,1,1,15,1,0,0,0.0,0,0,/Users/shreyas/Downloads/MVP_Apr/MyStock-master/app/src/main/java/com/chandler/red/mystock/adapter/SearchListAdapter.java,73
MyStock-master,com.chandler.red.mystock.adapter,OnItemClickLitener,0,0,2,0,4,2,0,0,-1.0,0,0,/Users/shreyas/Downloads/MVP_Apr/MyStock-master/app/src/main/java/com/chandler/red/mystock/adapter/SearchListAdapter.java,90
MyStock-master,com.chandler.red.mystock.adapter,MainPagerAdapter,1,0,3,3,13,3,0,0,0.0,0,0,/Users/shreyas/Downloads/MVP_Apr/MyStock-master/app/src/main/java/com/chandler/red/mystock/adapter/MainPagerAdapter.java,9
MyStock-master,com.chandler.red.mystock.manager,HttpManager,3,0,5,4,35,9,0,0,0.6,4,1,/Users/shreyas/Downloads/MVP_Apr/MyStock-master/app/src/main/java/com/chandler/red/mystock/manager/HttpManager.java,9
MyStock-master,com.chandler.red.mystock.manager,ThreadPoolManager,13,1,11,10,118,21,0,0,0.45454545454545453,4,2,/Users/shreyas/Downloads/MVP_Apr/MyStock-master/app/src/main/java/com/chandler/red/mystock/manager/ThreadPoolManager.java,10
MyStock-master,com.chandler.red.mystock.manager,ThreadPoolProxy,4,0,6,5,55,12,0,0,0.0,1,0,/Users/shreyas/Downloads/MVP_Apr/MyStock-master/app/src/main/java/com/chandler/red/mystock/manager/ThreadPoolManager.java,76
MyStock-master,com.chandler.red.mystock.fragment,LazyLoadFragment,4,0,9,3,84,13,4,1,0.0,0,1,/Users/shreyas/Downloads/MVP_Apr/MyStock-master/app/src/main/java/com/chandler/red/mystock/fragment/LazyLoadFragment.java,12
MyStock-master,com.chandler.red.mystock.fragment,BaseFragment,0,0,5,0,25,5,3,0,-1.0,0,1,/Users/shreyas/Downloads/MVP_Apr/MyStock-master/app/src/main/java/com/chandler/red/mystock/fragment/BaseFragment.java,7
MyStock-master,com.chandler.red.mystock.fragment,HistoryFragment,10,0,10,5,117,19,0,2,0.3,0,9,/Users/shreyas/Downloads/MVP_Apr/MyStock-master/app/src/main/java/com/chandler/red/mystock/fragment/HistoryFragment.java,27
MyStock-master,com.chandler.red.mystock.fragment,SellStockFragment,47,0,24,12,403,78,0,2,0.125,0,14,/Users/shreyas/Downloads/MVP_Apr/MyStock-master/app/src/main/java/com/chandler/red/mystock/fragment/SellStockFragment.java,54
MyStock-master,com.chandler.red.mystock.fragment,MyFragment,88,0,37,23,595,108,0,1,0.16216216216216217,1,14,/Users/shreyas/Downloads/MVP_Apr/MyStock-master/app/src/main/java/com/chandler/red/mystock/fragment/MyFragment.java,62
MyStock-master,com.chandler.red.mystock.fragment,HoldsFragment,35,0,17,8,220,34,0,2,0.17647058823529413,0,9,/Users/shreyas/Downloads/MVP_Apr/MyStock-master/app/src/main/java/com/chandler/red/mystock/fragment/HoldsFragment.java,40
MyStock-master,com.chandler.red.mystock.fragment,BuyStockFragment,48,0,25,13,420,81,0,2,0.12,0,13,/Users/shreyas/Downloads/MVP_Apr/MyStock-master/app/src/main/java/com/chandler/red/mystock/fragment/BuyStockFragment.java,56
MyStock-master,com.chandler.red.mystock.fragment,MainFragment,25,0,45,30,544,110,0,1,0.2,1,8,/Users/shreyas/Downloads/MVP_Apr/MyStock-master/app/src/main/java/com/chandler/red/mystock/fragment/MainFragment.java,44
MyStock-master,com.chandler.red.mystock.imageloader,AlbumBean,4,4,9,3,110,45,0,0,0.5555555555555556,2,5,/Users/shreyas/Downloads/MVP_Apr/MyStock-master/app/src/main/java/com/chandler/red/mystock/imageloader/AlbumBean.java,17
MyStock-master,com.chandler.red.mystock.imageloader,AlbumListCallback,0,0,1,0,3,1,0,0,-1.0,1,0,/Users/shreyas/Downloads/MVP_Apr/MyStock-master/app/src/main/java/com/chandler/red/mystock/imageloader/AlbumBean.java,104
MyStock-master,com.chandler.red.mystock.imageloader,AlbumPhotosCallback,0,0,1,0,3,1,0,0,-1.0,1,0,/Users/shreyas/Downloads/MVP_Apr/MyStock-master/app/src/main/java/com/chandler/red/mystock/imageloader/AlbumBean.java,150
MyStock-master,com.chandler.red.mystock.imageloader,AlxImageLoader,7,2,21,10,361,81,0,0,0.3333333333333333,2,4,/Users/shreyas/Downloads/MVP_Apr/MyStock-master/app/src/main/java/com/chandler/red/mystock/imageloader/AlxImageLoader.java,25
MyStock-master,com.chandler.red.mystock.imageloader,ImageCallback,0,0,1,0,3,1,0,0,-1.0,1,0,/Users/shreyas/Downloads/MVP_Apr/MyStock-master/app/src/main/java/com/chandler/red/mystock/imageloader/AlxImageLoader.java,282
MyStock-master,com.chandler.red.mystock.imageloader,ImagePickActivity,13,0,23,10,259,46,0,0,0.21739130434782608,2,10,/Users/shreyas/Downloads/MVP_Apr/MyStock-master/app/src/main/java/com/chandler/red/mystock/imageloader/ImagePickActivity.java,46
MyStock-master,com.chandler.red.mystock.imageloader,AlbumListAdapter,6,3,5,5,45,6,0,0,0.4,1,3,/Users/shreyas/Downloads/MVP_Apr/MyStock-master/app/src/main/java/com/chandler/red/mystock/imageloader/AlbumListAdapter.java,15
MyStock-master,com.chandler.red.mystock.imageloader,ViewHolder,3,3,0,0,5,0,0,0,-1.0,1,0,/Users/shreyas/Downloads/MVP_Apr/MyStock-master/app/src/main/java/com/chandler/red/mystock/imageloader/AlbumListAdapter.java,63
MyStock-master,com.chandler.red.mystock.imageloader,AlxMultiTask,8,2,3,3,30,4,0,0,0.6666666666666666,4,1,/Users/shreyas/Downloads/MVP_Apr/MyStock-master/app/src/main/java/com/chandler/red/mystock/imageloader/AlxMultiTask.java,17
MyStock-master,com.chandler.red.mystock.view,HttpResponseView,0,0,2,0,7,2,0,1,-1.0,9,0,/Users/shreyas/Downloads/MVP_Apr/MyStock-master/app/src/main/java/com/chandler/red/mystock/view/HttpResponseView.java,4
MyStock-master,com.chandler.red.mystock.view,BaseView,0,0,0,0,5,0,1,0,-1.0,3,0,/Users/shreyas/Downloads/MVP_Apr/MyStock-master/app/src/main/java/com/chandler/red/mystock/view/BaseView.java,3
MyStock-master,com.chandler.red.mystock.db,StockExchangeDao,0,0,9,0,11,9,1,0,-1.0,1,1,/Users/shreyas/Downloads/MVP_Apr/MyStock-master/app/src/main/java/com/chandler/red/mystock/db/StockExchangeDao.java,9
MyStock-master,com.chandler.red.mystock.db,StockSearchDao,0,0,6,0,8,6,1,0,-1.0,1,1,/Users/shreyas/Downloads/MVP_Apr/MyStock-master/app/src/main/java/com/chandler/red/mystock/db/StockSearchDao.java,7
MyStock-master,com.chandler.red.mystock.db,MyDbManager,2,1,20,19,71,22,0,0,0.1,9,4,/Users/shreyas/Downloads/MVP_Apr/MyStock-master/app/src/main/java/com/chandler/red/mystock/db/MyDbManager.java,9
MyStock-master,com.chandler.red.mystock.db,StockAccountDaoImpl,4,0,6,6,57,10,0,1,0.0,1,2,/Users/shreyas/Downloads/MVP_Apr/MyStock-master/app/src/main/java/com/chandler/red/mystock/db/StockAccountDaoImpl.java,12
MyStock-master,com.chandler.red.mystock.db,StockMonthDao,0,0,3,0,5,3,1,0,-1.0,1,1,/Users/shreyas/Downloads/MVP_Apr/MyStock-master/app/src/main/java/com/chandler/red/mystock/db/StockMonthDao.java,5
MyStock-master,com.chandler.red.mystock.db,StockSearchDaoImpl,4,0,7,7,44,10,0,1,0.0,1,2,/Users/shreyas/Downloads/MVP_Apr/MyStock-master/app/src/main/java/com/chandler/red/mystock/db/StockSearchDaoImpl.java,14
MyStock-master,com.chandler.red.mystock.db,StockDao,0,0,18,0,20,18,1,0,-1.0,1,1,/Users/shreyas/Downloads/MVP_Apr/MyStock-master/app/src/main/java/com/chandler/red/mystock/db/StockDao.java,7
MyStock-master,com.chandler.red.mystock.db,ImageSearchDaoImpl,4,0,8,8,55,12,0,1,0.0,1,2,/Users/shreyas/Downloads/MVP_Apr/MyStock-master/app/src/main/java/com/chandler/red/mystock/db/ImageSearchDaoImpl.java,14
MyStock-master,com.chandler.red.mystock.db,StockExchangeDaoImpl,4,0,11,10,132,22,0,1,0.18181818181818182,1,6,/Users/shreyas/Downloads/MVP_Apr/MyStock-master/app/src/main/java/com/chandler/red/mystock/db/StockExchangeDaoImpl.java,17
MyStock-master,com.chandler.red.mystock.db,StockMonthDaoImpl,3,0,4,4,38,7,0,1,0.0,1,3,/Users/shreyas/Downloads/MVP_Apr/MyStock-master/app/src/main/java/com/chandler/red/mystock/db/StockMonthDaoImpl.java,12
MyStock-master,com.chandler.red.mystock.db,StockBuisnessManager,6,0,30,29,113,34,0,0,0.06666666666666667,15,16,/Users/shreyas/Downloads/MVP_Apr/MyStock-master/app/src/main/java/com/chandler/red/mystock/db/StockBuisnessManager.java,15
MyStock-master,com.chandler.red.mystock.db,StockAccountDao,0,0,5,0,7,5,1,0,-1.0,1,1,/Users/shreyas/Downloads/MVP_Apr/MyStock-master/app/src/main/java/com/chandler/red/mystock/db/StockAccountDao.java,5
MyStock-master,com.chandler.red.mystock.db,MySqlHelper,9,9,5,5,75,16,0,0,0.4,17,0,/Users/shreyas/Downloads/MVP_Apr/MyStock-master/app/src/main/java/com/chandler/red/mystock/db/MySqlHelper.java,8
MyStock-master,com.chandler.red.mystock.db,ImageSearchDao,0,0,7,0,9,7,1,0,-1.0,1,1,/Users/shreyas/Downloads/MVP_Apr/MyStock-master/app/src/main/java/com/chandler/red/mystock/db/ImageSearchDao.java,7
MyStock-master,com.chandler.red.mystock.db,StockDaoImpl,4,0,20,20,213,42,0,1,0.0,1,2,/Users/shreyas/Downloads/MVP_Apr/MyStock-master/app/src/main/java/com/chandler/red/mystock/db/StockDaoImpl.java,17
MyStock-master,com.chandler.red.mystock.keyboard,OnStockAmountListener,0,0,1,0,6,1,1,0,-1.0,2,0,/Users/shreyas/Downloads/MVP_Apr/MyStock-master/app/src/main/java/com/chandler/red/mystock/keyboard/OnStockAmountListener.java,3
MyStock-master,com.chandler.red.mystock.keyboard,KeyboardEditText,5,0,15,10,152,30,0,1,0.26666666666666666,3,6,/Users/shreyas/Downloads/MVP_Apr/MyStock-master/app/src/main/java/com/chandler/red/mystock/keyboard/KeyboardEditText.java,24
MyStock-master,com.chandler.red.mystock.keyboard,onEditTextTouchListenr,0,0,1,0,3,1,0,0,-1.0,1,1,/Users/shreyas/Downloads/MVP_Apr/MyStock-master/app/src/main/java/com/chandler/red/mystock/keyboard/KeyboardEditText.java,123
MyStock-master,com.chandler.red.mystock.keyboard,EditTextWidthDeleteIcon,16,0,8,5,105,20,1,0,0.375,0,0,/Users/shreyas/Downloads/MVP_Apr/MyStock-master/app/src/main/java/com/chandler/red/mystock/keyboard/EditTextWidthDeleteIcon.java,14
MyStock-master,com.chandler.red.mystock.keyboard,OnOKOrHiddenKeyClickListener,0,0,2,0,7,2,0,0,-1.0,2,0,/Users/shreyas/Downloads/MVP_Apr/MyStock-master/app/src/main/java/com/chandler/red/mystock/keyboard/OnOKOrHiddenKeyClickListener.java,3
MyStock-master,com.chandler.red.mystock.keyboard,MultiKeyboardView,6,1,11,4,182,39,0,0,0.45454545454545453,1,1,/Users/shreyas/Downloads/MVP_Apr/MyStock-master/app/src/main/java/com/chandler/red/mystock/keyboard/MultiKeyboardView.java,20
MyStock-master,com.chandler.red.mystock.keyboard,InputLayout,18,7,30,18,374,79,0,1,0.3333333333333333,1,5,/Users/shreyas/Downloads/MVP_Apr/MyStock-master/app/src/main/java/com/chandler/red/mystock/keyboard/InputLayout.java,21
MyStock-master,com.chandler.red.mystock.keyboard,Constants,26,26,0,0,31,0,0,0,-1.0,3,0,/Users/shreyas/Downloads/MVP_Apr/MyStock-master/app/src/main/java/com/chandler/red/mystock/keyboard/Constants.java,3
MyStock-master,com.wc.dragphoto.widget,DragPhotoView,26,0,56,48,485,99,0,0,0.35714285714285715,5,4,/Users/shreyas/Downloads/MVP_Apr/MyStock-master/DragPhotoView/src/main/java/com/wc/dragphoto/widget/DragPhotoView.java,18
MyStock-master,com.wc.dragphoto.widget,OnTapListener,0,0,1,0,3,1,0,0,-1.0,1,1,/Users/shreyas/Downloads/MVP_Apr/MyStock-master/DragPhotoView/src/main/java/com/wc/dragphoto/widget/DragPhotoView.java,360
MyStock-master,com.wc.dragphoto.widget,OnExitListener,0,0,1,0,3,1,0,0,-1.0,1,1,/Users/shreyas/Downloads/MVP_Apr/MyStock-master/DragPhotoView/src/main/java/com/wc/dragphoto/widget/DragPhotoView.java,364
MyStock-master,com.wc.dragphoto.widget,OnDragListener,0,0,1,0,3,1,0,0,-1.0,1,1,/Users/shreyas/Downloads/MVP_Apr/MyStock-master/DragPhotoView/src/main/java/com/wc/dragphoto/widget/DragPhotoView.java,368
MyStock-master,com.wc.dragphoto.photoview,OnOutsidePhotoTapListener,0,0,1,0,9,1,0,0,-1.0,2,0,/Users/shreyas/Downloads/MVP_Apr/MyStock-master/DragPhotoView/src/main/java/com/wc/dragphoto/photoview/OnOutsidePhotoTapListener.java,5
MyStock-master,com.wc.dragphoto.photoview,OnScaleChangedListener,0,0,1,0,12,1,0,0,-1.0,2,0,/Users/shreyas/Downloads/MVP_Apr/MyStock-master/DragPhotoView/src/main/java/com/wc/dragphoto/photoview/OnScaleChangedListener.java,4
MyStock-master,com.wc.dragphoto.photoview,Util,0,0,4,0,26,8,0,0,-1.0,2,0,/Users/shreyas/Downloads/MVP_Apr/MyStock-master/DragPhotoView/src/main/java/com/wc/dragphoto/photoview/Util.java,6
MyStock-master,com.wc.dragphoto.photoview,CustomGestureDetector,11,0,10,6,137,27,0,0,0.3,1,2,/Users/shreyas/Downloads/MVP_Apr/MyStock-master/DragPhotoView/src/main/java/com/wc/dragphoto/photoview/CustomGestureDetector.java,24
MyStock-master,com.wc.dragphoto.photoview,OnPhotoTapListener,0,0,1,0,12,1,0,0,-1.0,2,0,/Users/shreyas/Downloads/MVP_Apr/MyStock-master/DragPhotoView/src/main/java/com/wc/dragphoto/photoview/OnPhotoTapListener.java,5
MyStock-master,com.wc.dragphoto.photoview,Compat,1,0,2,1,14,3,0,0,0.0,4,1,/Users/shreyas/Downloads/MVP_Apr/MyStock-master/DragPhotoView/src/main/java/com/wc/dragphoto/photoview/Compat.java,23
MyStock-master,com.wc.dragphoto.photoview,OnViewDragListener,0,0,1,0,11,1,0,0,-1.0,2,0,/Users/shreyas/Downloads/MVP_Apr/MyStock-master/DragPhotoView/src/main/java/com/wc/dragphoto/photoview/OnViewDragListener.java,3
MyStock-master,com.wc.dragphoto.photoview,PhotoView,2,0,46,44,174,52,0,0,0.06521739130434782,0,8,/Users/shreyas/Downloads/MVP_Apr/MyStock-master/DragPhotoView/src/main/java/com/wc/dragphoto/photoview/PhotoView.java,28
MyStock-master,com.wc.dragphoto.photoview,OnSingleFlingListener,0,0,1,0,13,1,0,0,-1.0,2,0,/Users/shreyas/Downloads/MVP_Apr/MyStock-master/DragPhotoView/src/main/java/com/wc/dragphoto/photoview/OnSingleFlingListener.java,5
MyStock-master,com.wc.dragphoto.photoview,OnMatrixChangedListener,0,0,1,0,10,1,0,0,-1.0,2,0,/Users/shreyas/Downloads/MVP_Apr/MyStock-master/DragPhotoView/src/main/java/com/wc/dragphoto/photoview/OnMatrixChangedListener.java,5
MyStock-master,com.wc.dragphoto.photoview,OnViewTapListener,0,0,1,0,9,1,0,0,-1.0,2,0,/Users/shreyas/Downloads/MVP_Apr/MyStock-master/DragPhotoView/src/main/java/com/wc/dragphoto/photoview/OnViewTapListener.java,5
MyStock-master,com.wc.dragphoto.photoview,PhotoViewAttacher,47,0,67,55,630,150,0,0,0.029850746268656716,1,14,/Users/shreyas/Downloads/MVP_Apr/MyStock-master/DragPhotoView/src/main/java/com/wc/dragphoto/photoview/PhotoViewAttacher.java,36
MyStock-master,com.wc.dragphoto.photoview,AnimatedZoomRunnable,5,0,3,2,27,4,0,0,0.0,1,1,/Users/shreyas/Downloads/MVP_Apr/MyStock-master/DragPhotoView/src/main/java/com/wc/dragphoto/photoview/PhotoViewAttacher.java,756
MyStock-master,com.wc.dragphoto.photoview,FlingRunnable,3,0,4,4,52,10,0,0,0.0,1,1,/Users/shreyas/Downloads/MVP_Apr/MyStock-master/DragPhotoView/src/main/java/com/wc/dragphoto/photoview/PhotoViewAttacher.java,794
MyStock-master,com.wc.dragphoto.photoview,OnGestureListener,0,0,3,0,5,3,0,0,-1.0,2,0,/Users/shreyas/Downloads/MVP_Apr/MyStock-master/DragPhotoView/src/main/java/com/wc/dragphoto/photoview/OnGestureListener.java,18
MyStock-master,com.wc.dragphoto.v4,MotionEventCompatICS,0,0,1,1,5,1,0,0,-1.0,2,0,/Users/shreyas/Downloads/MVP_Apr/MyStock-master/DragPhotoView/src/main/java/com/wc/dragphoto/v4/MotionEventCompatICS.java,5
MyStock-master,com.wc.dragphoto.v4,MotionEventCompat,55,54,23,18,371,23,0,0,0.9130434782608695,1,3,/Users/shreyas/Downloads/MVP_Apr/MyStock-master/DragPhotoView/src/main/java/com/wc/dragphoto/v4/MotionEventCompat.java,5
MyStock-master,com.wc.dragphoto.v4,MotionEventVersionImpl,0,0,3,0,8,3,1,0,-1.0,1,0,/Users/shreyas/Downloads/MVP_Apr/MyStock-master/DragPhotoView/src/main/java/com/wc/dragphoto/v4/MotionEventCompat.java,10
MyStock-master,com.wc.dragphoto.v4,BaseMotionEventVersionImpl,0,0,3,3,14,3,1,1,-1.0,0,0,/Users/shreyas/Downloads/MVP_Apr/MyStock-master/DragPhotoView/src/main/java/com/wc/dragphoto/v4/MotionEventCompat.java,19
MyStock-master,com.wc.dragphoto.v4,HoneycombMr1MotionEventVersionImpl,0,0,2,2,11,2,1,2,-1.0,0,1,/Users/shreyas/Downloads/MVP_Apr/MyStock-master/DragPhotoView/src/main/java/com/wc/dragphoto/v4/MotionEventCompat.java,39
MyStock-master,com.wc.dragphoto.v4,ICSMotionEventVersionImpl,0,0,2,1,10,2,0,3,-1.0,0,1,/Users/shreyas/Downloads/MVP_Apr/MyStock-master/DragPhotoView/src/main/java/com/wc/dragphoto/v4/MotionEventCompat.java,56
MyStock-master,com.wc.dragphoto.v4,MotionEventCompatHoneycombMr1,0,0,2,0,11,2,0,0,-1.0,2,0,/Users/shreyas/Downloads/MVP_Apr/MyStock-master/DragPhotoView/src/main/java/com/wc/dragphoto/v4/MotionEventCompatHoneycombMr1.java,6
MyStock-master,com.github.jdsjlzx.ItemDecoration,LuDividerDecoration,11,0,15,14,167,18,0,0,0.2,4,2,/Users/shreyas/Downloads/MVP_Apr/MyStock-master/LRecyclerview_library/src/main/java/com/github/jdsjlzx/ItemDecoration/LuDividerDecoration.java,18
MyStock-master,com.github.jdsjlzx.ItemDecoration,Builder,6,0,12,12,118,12,0,0,0.16666666666666666,0,2,/Users/shreyas/Downloads/MVP_Apr/MyStock-master/LRecyclerview_library/src/main/java/com/github/jdsjlzx/ItemDecoration/LuDividerDecoration.java,86
MyStock-master,com.github.jdsjlzx.ItemDecoration,GridItemDecoration,8,0,16,13,177,32,0,0,0.125,2,3,/Users/shreyas/Downloads/MVP_Apr/MyStock-master/LRecyclerview_library/src/main/java/com/github/jdsjlzx/ItemDecoration/GridItemDecoration.java,24
MyStock-master,com.github.jdsjlzx.ItemDecoration,Builder,5,0,8,8,55,8,0,0,0.0,0,1,/Users/shreyas/Downloads/MVP_Apr/MyStock-master/LRecyclerview_library/src/main/java/com/github/jdsjlzx/ItemDecoration/GridItemDecoration.java,169
MyStock-master,com.github.jdsjlzx.ItemDecoration,SpacesItemDecoration,5,0,18,5,199,38,0,0,0.0,4,4,/Users/shreyas/Downloads/MVP_Apr/MyStock-master/LRecyclerview_library/src/main/java/com/github/jdsjlzx/ItemDecoration/SpacesItemDecoration.java,12
MyStock-master,com.github.jdsjlzx.ItemDecoration,SpanLookupFactory,0,0,8,6,30,8,0,0,-1.0,2,1,/Users/shreyas/Downloads/MVP_Apr/MyStock-master/LRecyclerview_library/src/main/java/com/github/jdsjlzx/ItemDecoration/SpanLookupFactory.java,5
MyStock-master,com.github.jdsjlzx.ItemDecoration,SpanLookup,0,0,3,0,16,3,0,0,-1.0,3,0,/Users/shreyas/Downloads/MVP_Apr/MyStock-master/LRecyclerview_library/src/main/java/com/github/jdsjlzx/ItemDecoration/SpanLookup.java,3
MyStock-master,com.github.jdsjlzx.ItemDecoration,LuSpacesItemDecoration,5,0,18,5,199,38,0,0,0.0,1,4,/Users/shreyas/Downloads/MVP_Apr/MyStock-master/LRecyclerview_library/src/main/java/com/github/jdsjlzx/ItemDecoration/LuSpacesItemDecoration.java,12
MyStock-master,com.github.jdsjlzx.ItemDecoration,DividerDecoration,10,0,15,14,185,20,0,0,0.2,2,2,/Users/shreyas/Downloads/MVP_Apr/MyStock-master/LRecyclerview_library/src/main/java/com/github/jdsjlzx/ItemDecoration/DividerDecoration.java,19
MyStock-master,com.github.jdsjlzx.ItemDecoration,Builder,6,0,12,12,118,12,0,0,0.25,0,1,/Users/shreyas/Downloads/MVP_Apr/MyStock-master/LRecyclerview_library/src/main/java/com/github/jdsjlzx/ItemDecoration/DividerDecoration.java,102
MyStock-master,com.github.jdsjlzx.ItemDecoration,LuGridItemDecoration,8,0,16,13,175,32,0,0,0.125,2,2,/Users/shreyas/Downloads/MVP_Apr/MyStock-master/LRecyclerview_library/src/main/java/com/github/jdsjlzx/ItemDecoration/LuGridItemDecoration.java,23
MyStock-master,com.github.jdsjlzx.ItemDecoration,Builder,5,0,8,8,55,8,0,0,0.0,0,1,/Users/shreyas/Downloads/MVP_Apr/MyStock-master/LRecyclerview_library/src/main/java/com/github/jdsjlzx/ItemDecoration/LuGridItemDecoration.java,166
MyStock-master,com.github.jdsjlzx.util,RecyclerViewUtils,0,0,1,1,23,3,0,0,-1.0,0,0,/Users/shreyas/Downloads/MVP_Apr/MyStock-master/LRecyclerview_library/src/main/java/com/github/jdsjlzx/util/RecyclerViewUtils.java,7
MyStock-master,com.github.jdsjlzx.util,WeakHandler,12,0,40,36,345,52,0,0,0.075,3,4,/Users/shreyas/Downloads/MVP_Apr/MyStock-master/LRecyclerview_library/src/main/java/com/github/jdsjlzx/util/WeakHandler.java,38
MyStock-master,com.github.jdsjlzx.util,ExecHandler,1,0,3,1,22,5,0,0,0.0,1,1,/Users/shreyas/Downloads/MVP_Apr/MyStock-master/LRecyclerview_library/src/main/java/com/github/jdsjlzx/util/WeakHandler.java,452
MyStock-master,com.github.jdsjlzx.util,WeakRunnable,2,0,2,1,18,4,0,0,0.0,2,1,/Users/shreyas/Downloads/MVP_Apr/MyStock-master/LRecyclerview_library/src/main/java/com/github/jdsjlzx/util/WeakHandler.java,485
MyStock-master,com.github.jdsjlzx.util,ChainedRef,5,0,4,4,59,9,0,0,0.0,3,2,/Users/shreyas/Downloads/MVP_Apr/MyStock-master/LRecyclerview_library/src/main/java/com/github/jdsjlzx/util/WeakHandler.java,507
MyStock-master,com.github.jdsjlzx.util,LuRecyclerViewUtils,0,0,6,6,94,17,0,0,-1.0,0,1,/Users/shreyas/Downloads/MVP_Apr/MyStock-master/LRecyclerview_library/src/main/java/com/github/jdsjlzx/util/LuRecyclerViewUtils.java,8
MyStock-master,com.github.jdsjlzx.progressindicator,AVLoadingIndicatorView,17,0,33,18,390,86,0,0,0.0,2,2,/Users/shreyas/Downloads/MVP_Apr/MyStock-master/LRecyclerview_library/src/main/java/com/github/jdsjlzx/progressindicator/AVLoadingIndicatorView.java,50
MyStock-master,com.github.jdsjlzx.progressindicator,Indicator,7,0,29,24,132,39,0,0,0.2413793103448276,1,0,/Users/shreyas/Downloads/MVP_Apr/MyStock-master/LRecyclerview_library/src/main/java/com/github/jdsjlzx/progressindicator/Indicator.java,16
MyStock-master,com.github.jdsjlzx.progressindicator.indicators,BallTrianglePathIndicator,2,0,4,4,61,10,0,0,0.0,0,0,/Users/shreyas/Downloads/MVP_Apr/MyStock-master/LRecyclerview_library/src/main/java/com/github/jdsjlzx/progressindicator/indicators/BallTrianglePathIndicator.java,12
MyStock-master,com.github.jdsjlzx.progressindicator.indicators,LineScalePulseOutRapidIndicator,0,0,2,2,25,3,0,1,-1.0,0,0,/Users/shreyas/Downloads/MVP_Apr/MyStock-master/LRecyclerview_library/src/main/java/com/github/jdsjlzx/progressindicator/indicators/LineScalePulseOutRapidIndicator.java,8
MyStock-master,com.github.jdsjlzx.progressindicator.indicators,BallPulseRiseIndicator,3,0,4,4,44,4,0,0,0.0,0,0,/Users/shreyas/Downloads/MVP_Apr/MyStock-master/LRecyclerview_library/src/main/java/com/github/jdsjlzx/progressindicator/indicators/BallPulseRiseIndicator.java,14
MyStock-master,com.github.jdsjlzx.progressindicator.indicators,TriangleSkewSpinIndicator,4,0,5,5,58,5,0,0,0.0,0,0,/Users/shreyas/Downloads/MVP_Apr/MyStock-master/LRecyclerview_library/src/main/java/com/github/jdsjlzx/progressindicator/indicators/TriangleSkewSpinIndicator.java,15
MyStock-master,com.github.jdsjlzx.progressindicator.indicators,BallClipRotatePulseIndicator,3,0,5,5,64,6,0,0,0.0,0,0,/Users/shreyas/Downloads/MVP_Apr/MyStock-master/LRecyclerview_library/src/main/java/com/github/jdsjlzx/progressindicator/indicators/BallClipRotatePulseIndicator.java,12
MyStock-master,com.github.jdsjlzx.progressindicator.indicators,BallSpinFadeLoaderIndicator,6,4,6,5,74,8,1,0,0.0,0,1,/Users/shreyas/Downloads/MVP_Apr/MyStock-master/LRecyclerview_library/src/main/java/com/github/jdsjlzx/progressindicator/indicators/BallSpinFadeLoaderIndicator.java,11
MyStock-master,com.github.jdsjlzx.progressindicator.indicators,Point,2,2,1,1,8,1,0,0,0.0,2,0,/Users/shreyas/Downloads/MVP_Apr/MyStock-master/LRecyclerview_library/src/main/java/com/github/jdsjlzx/progressindicator/indicators/BallSpinFadeLoaderIndicator.java,103
MyStock-master,com.github.jdsjlzx.progressindicator.indicators,BallScaleMultipleIndicator,2,0,4,4,49,6,1,0,0.0,0,0,/Users/shreyas/Downloads/MVP_Apr/MyStock-master/LRecyclerview_library/src/main/java/com/github/jdsjlzx/progressindicator/indicators/BallScaleMultipleIndicator.java,12
MyStock-master,com.github.jdsjlzx.progressindicator.indicators,BallClipRotateMultipleIndicator,2,0,4,4,57,6,0,0,0.0,0,0,/Users/shreyas/Downloads/MVP_Apr/MyStock-master/LRecyclerview_library/src/main/java/com/github/jdsjlzx/progressindicator/indicators/BallClipRotateMultipleIndicator.java,12
MyStock-master,com.github.jdsjlzx.progressindicator.indicators,BallPulseIndicator,2,1,3,3,41,5,0,0,0.0,1,0,/Users/shreyas/Downloads/MVP_Apr/MyStock-master/LRecyclerview_library/src/main/java/com/github/jdsjlzx/progressindicator/indicators/BallPulseIndicator.java,11
MyStock-master,com.github.jdsjlzx.progressindicator.indicators,LineScalePulseOutIndicator,0,0,2,2,25,3,0,1,-1.0,0,0,/Users/shreyas/Downloads/MVP_Apr/MyStock-master/LRecyclerview_library/src/main/java/com/github/jdsjlzx/progressindicator/indicators/LineScalePulseOutIndicator.java,8
MyStock-master,com.github.jdsjlzx.progressindicator.indicators,LineScalePartyIndicator,2,1,3,3,40,5,0,0,0.0,0,0,/Users/shreyas/Downloads/MVP_Apr/MyStock-master/LRecyclerview_library/src/main/java/com/github/jdsjlzx/progressindicator/indicators/LineScalePartyIndicator.java,12
MyStock-master,com.github.jdsjlzx.progressindicator.indicators,BallZigZagIndicator,2,0,4,4,53,8,1,0,0.0,0,0,/Users/shreyas/Downloads/MVP_Apr/MyStock-master/LRecyclerview_library/src/main/java/com/github/jdsjlzx/progressindicator/indicators/BallZigZagIndicator.java,12
MyStock-master,com.github.jdsjlzx.progressindicator.indicators,BallGridPulseIndicator,4,2,4,4,60,7,0,0,0.0,0,0,/Users/shreyas/Downloads/MVP_Apr/MyStock-master/LRecyclerview_library/src/main/java/com/github/jdsjlzx/progressindicator/indicators/BallGridPulseIndicator.java,11
MyStock-master,com.github.jdsjlzx.progressindicator.indicators,BallZigZagDeflectIndicator,0,0,3,3,44,6,0,1,-1.0,0,0,/Users/shreyas/Downloads/MVP_Apr/MyStock-master/LRecyclerview_library/src/main/java/com/github/jdsjlzx/progressindicator/indicators/BallZigZagDeflectIndicator.java,9
MyStock-master,com.github.jdsjlzx.progressindicator.indicators,BallClipRotateIndicator,2,0,4,4,44,4,0,0,0.0,0,0,/Users/shreyas/Downloads/MVP_Apr/MyStock-master/LRecyclerview_library/src/main/java/com/github/jdsjlzx/progressindicator/indicators/BallClipRotateIndicator.java,12
MyStock-master,com.github.jdsjlzx.progressindicator.indicators,CubeTransitionIndicator,4,0,6,6,85,10,0,0,0.0,0,0,/Users/shreyas/Downloads/MVP_Apr/MyStock-master/LRecyclerview_library/src/main/java/com/github/jdsjlzx/progressindicator/indicators/CubeTransitionIndicator.java,13
MyStock-master,com.github.jdsjlzx.progressindicator.indicators,BallScaleRippleIndicator,0,0,4,4,38,4,0,1,-1.0,0,0,/Users/shreyas/Downloads/MVP_Apr/MyStock-master/LRecyclerview_library/src/main/java/com/github/jdsjlzx/progressindicator/indicators/BallScaleRippleIndicator.java,10
MyStock-master,com.github.jdsjlzx.progressindicator.indicators,LineSpinFadeLoaderIndicator,0,0,1,1,19,2,0,1,-1.0,0,1,/Users/shreyas/Downloads/MVP_Apr/MyStock-master/LRecyclerview_library/src/main/java/com/github/jdsjlzx/progressindicator/indicators/LineSpinFadeLoaderIndicator.java,7
MyStock-master,com.github.jdsjlzx.progressindicator.indicators,BallScaleIndicator,2,0,4,4,42,4,1,0,0.0,0,0,/Users/shreyas/Downloads/MVP_Apr/MyStock-master/LRecyclerview_library/src/main/java/com/github/jdsjlzx/progressindicator/indicators/BallScaleIndicator.java,12
MyStock-master,com.github.jdsjlzx.progressindicator.indicators,BallPulseSyncIndicator,1,0,3,3,40,5,0,0,0.0,0,0,/Users/shreyas/Downloads/MVP_Apr/MyStock-master/LRecyclerview_library/src/main/java/com/github/jdsjlzx/progressindicator/indicators/BallPulseSyncIndicator.java,11
MyStock-master,com.github.jdsjlzx.progressindicator.indicators,SemiCircleSpinIndicator,1,0,3,3,26,3,0,0,0.0,0,0,/Users/shreyas/Downloads/MVP_Apr/MyStock-master/LRecyclerview_library/src/main/java/com/github/jdsjlzx/progressindicator/indicators/SemiCircleSpinIndicator.java,12
MyStock-master,com.github.jdsjlzx.progressindicator.indicators,PacmanIndicator,4,0,8,6,85,8,0,0,0.0,0,0,/Users/shreyas/Downloads/MVP_Apr/MyStock-master/LRecyclerview_library/src/main/java/com/github/jdsjlzx/progressindicator/indicators/PacmanIndicator.java,13
MyStock-master,com.github.jdsjlzx.progressindicator.indicators,LineScaleIndicator,2,1,3,3,39,5,2,0,0.0,0,0,/Users/shreyas/Downloads/MVP_Apr/MyStock-master/LRecyclerview_library/src/main/java/com/github/jdsjlzx/progressindicator/indicators/LineScaleIndicator.java,12
MyStock-master,com.github.jdsjlzx.progressindicator.indicators,SquareSpinIndicator,4,0,5,5,53,5,0,0,0.0,0,0,/Users/shreyas/Downloads/MVP_Apr/MyStock-master/LRecyclerview_library/src/main/java/com/github/jdsjlzx/progressindicator/indicators/SquareSpinIndicator.java,15
MyStock-master,com.github.jdsjlzx.progressindicator.indicators,BallScaleRippleMultipleIndicator,0,0,4,4,44,5,0,1,-1.0,0,0,/Users/shreyas/Downloads/MVP_Apr/MyStock-master/LRecyclerview_library/src/main/java/com/github/jdsjlzx/progressindicator/indicators/BallScaleRippleMultipleIndicator.java,10
MyStock-master,com.github.jdsjlzx.progressindicator.indicators,BallBeatIndicator,4,2,4,4,56,6,0,0,0.0,0,0,/Users/shreyas/Downloads/MVP_Apr/MyStock-master/LRecyclerview_library/src/main/java/com/github/jdsjlzx/progressindicator/indicators/BallBeatIndicator.java,11
MyStock-master,com.github.jdsjlzx.progressindicator.indicators,BallRotateIndicator,3,0,5,5,58,5,0,0,0.4,0,0,/Users/shreyas/Downloads/MVP_Apr/MyStock-master/LRecyclerview_library/src/main/java/com/github/jdsjlzx/progressindicator/indicators/BallRotateIndicator.java,12
MyStock-master,com.github.jdsjlzx.progressindicator.indicators,BallGridBeatIndicator,2,1,3,3,45,6,0,0,0.0,0,0,/Users/shreyas/Downloads/MVP_Apr/MyStock-master/LRecyclerview_library/src/main/java/com/github/jdsjlzx/progressindicator/indicators/BallGridBeatIndicator.java,11
MyStock-master,com.github.jdsjlzx.progressindicator.indicators,BaseIndicatorController,2,0,9,9,67,17,0,0,0.3333333333333333,0,0,/Users/shreyas/Downloads/MVP_Apr/MyStock-master/LRecyclerview_library/src/main/java/com/github/jdsjlzx/progressindicator/indicators/BaseIndicatorController.java,10
MyStock-master,com.github.jdsjlzx.recyclerview,HeaderSpanSizeLookup,2,0,2,2,15,2,0,0,0.0,0,1,/Users/shreyas/Downloads/MVP_Apr/MyStock-master/LRecyclerview_library/src/main/java/com/github/jdsjlzx/recyclerview/HeaderSpanSizeLookup.java,6
MyStock-master,com.github.jdsjlzx.recyclerview,LuRecyclerViewAdapter,10,0,35,32,271,65,0,0,0.08571428571428572,8,4,/Users/shreyas/Downloads/MVP_Apr/MyStock-master/LRecyclerview_library/src/main/java/com/github/jdsjlzx/recyclerview/LuRecyclerViewAdapter.java,17
MyStock-master,com.github.jdsjlzx.recyclerview,ViewHolder,0,0,1,1,5,1,0,0,-1.0,2,0,/Users/shreyas/Downloads/MVP_Apr/MyStock-master/LRecyclerview_library/src/main/java/com/github/jdsjlzx/recyclerview/LuRecyclerViewAdapter.java,304
MyStock-master,com.github.jdsjlzx.recyclerview,SpanSizeLookup,0,0,1,0,3,1,0,0,-1.0,2,0,/Users/shreyas/Downloads/MVP_Apr/MyStock-master/LRecyclerview_library/src/main/java/com/github/jdsjlzx/recyclerview/LuRecyclerViewAdapter.java,341
MyStock-master,com.github.jdsjlzx.recyclerview,AppBarStateChangeListener,1,0,2,2,29,7,0,0,0.0,2,0,/Users/shreyas/Downloads/MVP_Apr/MyStock-master/LRecyclerview_library/src/main/java/com/github/jdsjlzx/recyclerview/AppBarStateChangeListener.java,5
MyStock-master,com.github.jdsjlzx.recyclerview,LuRecyclerView,25,0,36,28,520,107,0,0,0.2222222222222222,4,9,/Users/shreyas/Downloads/MVP_Apr/MyStock-master/LRecyclerview_library/src/main/java/com/github/jdsjlzx/recyclerview/LuRecyclerView.java,22
MyStock-master,com.github.jdsjlzx.recyclerview,DataObserver,0,0,5,5,53,13,0,0,-1.0,0,2,/Users/shreyas/Downloads/MVP_Apr/MyStock-master/LRecyclerview_library/src/main/java/com/github/jdsjlzx/recyclerview/LuRecyclerView.java,134
MyStock-master,com.github.jdsjlzx.recyclerview,LScrollListener,0,0,4,0,6,4,0,0,-1.0,2,0,/Users/shreyas/Downloads/MVP_Apr/MyStock-master/LRecyclerview_library/src/main/java/com/github/jdsjlzx/recyclerview/LuRecyclerView.java,450
MyStock-master,com.github.jdsjlzx.recyclerview,ExStaggeredGridLayoutManager,3,0,5,5,37,6,0,0,0.4,0,1,/Users/shreyas/Downloads/MVP_Apr/MyStock-master/LRecyclerview_library/src/main/java/com/github/jdsjlzx/recyclerview/ExStaggeredGridLayoutManager.java,8
MyStock-master,com.github.jdsjlzx.recyclerview,LRecyclerViewAdapter,12,0,36,33,288,69,0,0,0.08333333333333333,12,5,/Users/shreyas/Downloads/MVP_Apr/MyStock-master/LRecyclerview_library/src/main/java/com/github/jdsjlzx/recyclerview/LRecyclerViewAdapter.java,16
MyStock-master,com.github.jdsjlzx.recyclerview,ViewHolder,0,0,1,1,5,1,0,0,-1.0,0,0,/Users/shreyas/Downloads/MVP_Apr/MyStock-master/LRecyclerview_library/src/main/java/com/github/jdsjlzx/recyclerview/LRecyclerViewAdapter.java,332
MyStock-master,com.github.jdsjlzx.recyclerview,SpanSizeLookup,0,0,1,0,3,1,0,0,-1.0,0,0,/Users/shreyas/Downloads/MVP_Apr/MyStock-master/LRecyclerview_library/src/main/java/com/github/jdsjlzx/recyclerview/LRecyclerViewAdapter.java,366
MyStock-master,com.github.jdsjlzx.recyclerview,ProgressStyle,29,29,0,0,31,0,0,0,-1.0,2,0,/Users/shreyas/Downloads/MVP_Apr/MyStock-master/LRecyclerview_library/src/main/java/com/github/jdsjlzx/recyclerview/ProgressStyle.java,3
MyStock-master,com.github.jdsjlzx.recyclerview,LRecyclerView,35,0,46,36,670,144,0,0,0.15217391304347827,6,11,/Users/shreyas/Downloads/MVP_Apr/MyStock-master/LRecyclerview_library/src/main/java/com/github/jdsjlzx/recyclerview/LRecyclerView.java,28
MyStock-master,com.github.jdsjlzx.recyclerview,DataObserver,0,0,5,5,53,13,0,0,-1.0,0,2,/Users/shreyas/Downloads/MVP_Apr/MyStock-master/LRecyclerview_library/src/main/java/com/github/jdsjlzx/recyclerview/LRecyclerView.java,170
MyStock-master,com.github.jdsjlzx.recyclerview,LScrollListener,0,0,4,0,6,4,0,0,-1.0,0,0,/Users/shreyas/Downloads/MVP_Apr/MyStock-master/LRecyclerview_library/src/main/java/com/github/jdsjlzx/recyclerview/LRecyclerView.java,626
MyStock-master,com.github.jdsjlzx.view,ArrowRefreshHeader,12,1,28,25,245,56,0,0,0.17857142857142858,1,4,/Users/shreyas/Downloads/MVP_Apr/MyStock-master/LRecyclerview_library/src/main/java/com/github/jdsjlzx/view/ArrowRefreshHeader.java,28
MyStock-master,com.github.jdsjlzx.view,LoadingFooter,14,0,24,23,194,42,0,0,0.125,2,5,/Users/shreyas/Downloads/MVP_Apr/MyStock-master/LRecyclerview_library/src/main/java/com/github/jdsjlzx/view/LoadingFooter.java,22
MyStock-master,com.github.jdsjlzx.view,SimpleViewSwitcher,0,0,6,4,40,10,0,0,-1.0,2,0,/Users/shreyas/Downloads/MVP_Apr/MyStock-master/LRecyclerview_library/src/main/java/com/github/jdsjlzx/view/SimpleViewSwitcher.java,9
MyStock-master,com.github.jdsjlzx.interfaces,OnRefreshListener,0,0,1,0,8,1,0,0,-1.0,1,0,/Users/shreyas/Downloads/MVP_Apr/MyStock-master/LRecyclerview_library/src/main/java/com/github/jdsjlzx/interfaces/OnRefreshListener.java,3
MyStock-master,com.github.jdsjlzx.interfaces,OnItemClickListener,0,0,1,0,6,1,0,0,-1.0,2,0,/Users/shreyas/Downloads/MVP_Apr/MyStock-master/LRecyclerview_library/src/main/java/com/github/jdsjlzx/interfaces/OnItemClickListener.java,5
MyStock-master,com.github.jdsjlzx.interfaces,ILoadMoreFooter,0,0,7,0,40,7,0,0,-1.0,2,2,/Users/shreyas/Downloads/MVP_Apr/MyStock-master/LRecyclerview_library/src/main/java/com/github/jdsjlzx/interfaces/ILoadMoreFooter.java,5
MyStock-master,com.github.jdsjlzx.interfaces,OnNetWorkErrorListener,0,0,1,0,8,1,0,0,-1.0,4,0,/Users/shreyas/Downloads/MVP_Apr/MyStock-master/LRecyclerview_library/src/main/java/com/github/jdsjlzx/interfaces/OnNetWorkErrorListener.java,3
MyStock-master,com.github.jdsjlzx.interfaces,OnItemLongClickListener,0,0,1,0,6,1,0,0,-1.0,2,0,/Users/shreyas/Downloads/MVP_Apr/MyStock-master/LRecyclerview_library/src/main/java/com/github/jdsjlzx/interfaces/OnItemLongClickListener.java,5
MyStock-master,com.github.jdsjlzx.interfaces,OnLoadMoreListener,0,0,1,0,8,1,0,0,-1.0,4,0,/Users/shreyas/Downloads/MVP_Apr/MyStock-master/LRecyclerview_library/src/main/java/com/github/jdsjlzx/interfaces/OnLoadMoreListener.java,3
MyStock-master,com.github.jdsjlzx.interfaces,IRefreshHeader,6,0,10,0,45,10,0,0,-1.0,2,0,/Users/shreyas/Downloads/MVP_Apr/MyStock-master/LRecyclerview_library/src/main/java/com/github/jdsjlzx/interfaces/IRefreshHeader.java,5
MyStock-master,com.test.dragclosedemo,ExampleInstrumentedTest,0,0,1,1,10,1,0,0,-1.0,0,0,/Users/shreyas/Downloads/MVP_Apr/MyStock-master/DragImageDemo/src/androidTest/java/com/test/dragclosedemo/ExampleInstrumentedTest.java,12
MyStock-master,com.test.dragclosedemo,ExampleUnitTest,0,0,1,1,9,1,0,0,-1.0,0,0,/Users/shreyas/Downloads/MVP_Apr/MyStock-master/DragImageDemo/src/test/java/com/test/dragclosedemo/ExampleUnitTest.java,7
MyStock-master,com.test.dragclosedemo,MainActivity,3,1,5,4,46,8,0,0,0.4,1,2,/Users/shreyas/Downloads/MVP_Apr/MyStock-master/DragImageDemo/src/main/java/com/test/dragclosedemo/MainActivity.java,20
MyStock-master,com.test.dragclosedemo,PhotoBrowseActivity,8,0,23,19,151,33,0,0,0.30434782608695654,2,2,/Users/shreyas/Downloads/MVP_Apr/MyStock-master/DragImageDemo/src/main/java/com/test/dragclosedemo/PhotoBrowseActivity.java,29
MyStock-master,com.test.dragclosedemo.widget,ScaleViewPager,10,7,8,5,120,27,0,1,0.375,0,0,/Users/shreyas/Downloads/MVP_Apr/MyStock-master/DragImageDemo/src/main/java/com/test/dragclosedemo/widget/ScaleViewPager.java,10
MyStock-master,com.test.dragclosedemo.widget,BaseAnimCloseViewPager,6,0,16,8,76,19,1,0,0.625,1,1,/Users/shreyas/Downloads/MVP_Apr/MyStock-master/DragImageDemo/src/main/java/com/test/dragclosedemo/widget/BaseAnimCloseViewPager.java,14
MyStock-master,com.test.dragclosedemo.widget,IAnimClose,0,0,3,0,5,3,0,0,-1.0,1,0,/Users/shreyas/Downloads/MVP_Apr/MyStock-master/DragImageDemo/src/main/java/com/test/dragclosedemo/widget/BaseAnimCloseViewPager.java,21
